yarn run v1.13.0
$ node generateProposal.js && rm -f data/redistribution.topojson && geo2topo -o data/redistribution.topojson data/proposal.geojson data/lga.geojson data/districts.geojson
Processing Albany...
Processing Bunbury South...
Processing North West...
Processing Geraldton...
Processing Dawesville...
Processing Kalgoorlie...
Processing Kimberley-Pilbara...
Processing Mandurah...
Processing Collie-Murray...
Processing Moore...
Processing Bunbury East...
Processing Roe...
Processing Vaase...
Processing Warren-Blackwood...
Processing Central Wheatbelt...
Missing SA1s
 5100106
5100310
5102823
5103001
5103002
5103003
5103004
5103005
5103006
5103007
5103008
5103009
5103010
5103011
5103012
5103013
5103014
5103015
5103016
5103017
5103018
5103101
5103102
5103103
5103104
5103105
5103106
5103107
5103108
5103109
5103110
5103111
5103112
5103113
5103114
5103115
5103116
5103117
5103118
5103119
5103120
5103121
5103201
5103202
5103203
5103204
5103205
5103206
5103207
5103208
5103209
5103210
5103211
5103212
5103213
5103214
5103215
5103216
5103217
5103218
5103301
5103302
5103303
5103304
5103305
5103306
5103307
5103308
5103309
5103310
5103311
5103312
5103313
5103314
5103315
5103316
5103317
5103318
5103319
5103320
5103321
5103322
5103401
5103402
5103403
5103404
5103405
5103406
5103407
5103408
5103409
5103410
5103411
5103412
5103413
5103414
5103415
5103416
5103417
5103418
5103419
5103420
5103421
5103422
5103423
5103424
5103501
5103502
5103503
5103504
5103505
5103506
5103507
5103508
5103509
5103510
5103511
5103512
5103513
5103514
5103515
5103516
5103517
5103518
5103519
5103520
5103521
5103522
5103523
5103524
5103525
5103526
5103527
5103528
5103529
5103530
5103531
5103532
5103533
5103534
5103535
5103536
5103537
5103538
5103539
5103540
5103541
5103601
5103602
5103603
5103604
5103605
5103606
5103607
5103608
5103609
5103610
5103611
5103612
5103613
5103614
5103615
5103616
5103617
5103618
5103619
5103620
5103621
5103622
5103623
5103624
5103625
5103701
5103801
5103802
5103803
5103804
5103805
5103806
5103807
5103808
5103809
5103810
5103811
5103812
5103813
5103814
5103815
5103816
5103817
5103818
5103819
5103820
5103821
5103822
5103823
5103824
5103825
5103826
5103827
5103828
5103901
5103902
5103903
5103904
5103905
5103906
5103907
5103908
5103909
5103910
5103911
5103912
5103913
5103914
5103915
5103916
5103917
5103918
5103919
5103920
5103921
5103922
5103923
5103924
5103925
5103926
5103927
5103928
5103929
5103930
5103931
5103932
5103933
5103934
5103935
5103936
5103937
5103938
5103939
5104001
5104002
5104003
5104004
5104005
5104006
5104007
5104008
5104009
5104010
5104011
5104012
5104013
5104014
5104015
5104016
5104017
5104018
5104019
5104020
5104021
5104102
5104103
5104104
5104105
5104106
5104107
5104113
5104114
5104115
5104116
5104118
5104119
5104120
5104122
5104123
5104124
5104125
5104127
5104128
5104130
5104132
5104133
5104134
5104135
5104138
5104139
5104140
5104143
5104145
5104146
5104147
5104148
5104149
5104150
5104151
5104152
5104153
5104154
5104155
5104156
5104157
5104158
5104159
5104160
5104161
5104162
5104163
5104164
5104165
5104166
5104167
5104168
5104169
5104170
5104171
5104172
5104173
5104174
5104175
5104176
5104177
5104178
5104179
5104180
5104181
5104182
5104183
5104184
5104185
5104186
5104201
5104202
5104203
5104205
5104206
5104207
5104208
5104209
5104210
5104211
5104212
5104213
5104214
5104215
5104216
5104217
5104218
5104219
5104220
5104221
5104222
5104223
5104224
5104225
5104226
5104227
5104228
5104229
5104230
5104231
5104232
5104233
5104234
5104235
5104236
5104237
5104238
5104301
5104303
5104304
5104305
5104306
5104307
5104308
5104309
5104310
5104311
5104313
5104314
5104315
5104316
5104317
5104318
5104319
5104320
5104321
5104322
5104323
5104324
5104325
5104326
5104327
5104328
5104329
5104330
5104331
5104332
5104333
5104334
5104335
5104336
5104337
5104338
5104339
5104340
5104341
5104342
5104343
5104401
5104402
5104403
5104404
5104405
5104406
5104407
5104408
5104409
5104410
5104411
5104412
5104413
5104414
5104415
5104416
5104417
5104418
5104419
5104420
5104421
5104422
5104423
5104424
5104425
5104426
5104427
5104428
5104429
5104430
5104431
5104432
5104433
5104434
5104435
5104436
5104437
5104501
5104502
5104503
5104504
5104505
5104506
5104507
5104508
5104509
5104510
5104511
5104512
5104513
5104514
5104515
5104516
5104517
5104518
5104519
5104521
5104522
5104523
5104524
5104525
5104527
5104528
5104529
5104530
5104531
5104532
5104533
5104534
5104535
5104536
5104537
5104538
5104539
5104540
5104541
5104542
5104543
5104544
5104545
5104546
5104547
5104548
5104550
5104551
5104552
5104553
5104554
5104555
5104556
5104557
5104558
5104560
5104601
5104602
5104603
5104604
5104605
5104606
5104607
5104608
5104609
5104610
5104611
5104612
5104613
5104614
5104615
5104616
5104617
5104618
5104619
5104620
5104621
5104622
5104623
5104624
5104625
5104626
5104627
5104628
5104701
5104702
5104703
5104704
5104705
5104706
5104707
5104708
5104709
5104710
5104711
5104712
5104713
5104714
5104715
5104716
5104717
5104718
5104719
5104720
5104721
5104722
5104723
5104724
5104725
5104726
5104727
5104728
5104729
5104730
5104731
5104732
5104733
5104734
5104735
5104736
5104737
5104738
5104739
5104740
5104741
5104742
5104743
5104744
5104745
5104801
5104802
5104803
5104804
5104805
5104806
5104807
5104808
5104809
5104810
5104811
5104812
5104813
5104814
5104815
5104816
5104817
5104818
5104819
5104820
5104821
5104901
5104902
5104903
5104904
5104906
5104907
5104908
5104909
5104910
5104911
5104912
5104913
5105001
5105002
5105003
5105004
5105005
5105006
5105007
5105008
5105009
5105010
5105011
5105012
5105013
5105014
5105015
5105016
5105017
5105018
5105019
5105020
5105101
5105103
5105104
5105105
5105106
5105107
5105108
5105109
5105111
5105112
5105113
5105114
5105115
5105201
5105301
5105302
5105303
5105304
5105305
5105306
5105307
5105308
5105309
5105310
5105311
5105312
5105313
5105314
5105315
5105316
5105317
5105318
5105319
5105320
5105321
5105322
5105323
5105324
5105325
5105326
5105327
5105328
5105329
5105330
5105331
5105332
5105333
5105334
5105335
5105336
5105337
5105338
5105401
5105402
5105403
5105404
5105405
5105406
5105407
5105408
5105409
5105410
5105411
5105412
5105413
5105414
5105415
5105416
5105417
5105418
5105419
5105420
5105421
5105422
5105423
5105424
5105425
5105426
5105427
5105428
5105429
5105430
5105431
5105432
5105501
5105601
5105602
5105603
5105604
5105605
5105606
5105607
5105608
5105609
5105610
5105611
5105612
5105613
5105614
5105615
5105616
5105617
5105618
5105619
5105620
5105621
5105622
5105623
5105624
5105625
5105626
5105627
5105628
5105629
5105630
5105631
5105632
5105633
5105634
5105635
5105636
5105637
5105638
5105639
5105640
5105641
5105642
5105643
5105644
5105645
5105646
5105647
5105648
5105649
5105650
5105651
5105701
5105702
5105703
5105704
5105707
5105708
5105709
5105710
5105711
5105712
5105713
5105715
5105716
5105717
5105718
5105719
5105720
5105721
5105722
5105723
5105724
5105725
5105727
5105728
5105729
5105730
5105731
5105732
5105733
5105734
5105735
5105736
5105737
5105738
5105739
5105740
5105741
5105801
5105802
5105803
5105804
5105805
5105806
5105807
5105808
5105809
5105810
5105811
5105812
5105813
5105902
5105905
5105906
5105907
5105909
5105910
5105911
5105912
5105913
5105914
5105915
5105916
5105917
5105918
5105919
5105920
5105921
5105922
5105923
5105924
5105925
5105926
5105927
5105928
5105929
5105930
5105932
5105933
5105934
5105935
5105936
5105938
5105939
5105940
5105941
5105942
5105943
5105944
5105945
5105946
5105947
5105948
5105949
5105951
5105952
5105953
5105954
5105955
5105956
5105957
5105959
5105960
5105961
5105962
5105963
5105964
5105965
5105966
5105967
5105968
5105969
5105970
5105971
5105972
5105973
5105974
5105975
5105976
5105977
5105978
5105979
5105980
5105981
5105982
5105983
5105984
5105985
5105986
5105987
5106001
5106002
5106003
5106004
5106005
5106006
5106007
5106008
5106102
5106103
5106104
5106105
5106106
5106108
5106109
5106110
5106111
5106112
5106113
5106114
5106201
5106202
5106203
5106204
5106205
5106206
5106207
5106208
5106209
5106210
5106211
5106212
5106213
5106214
5106215
5106216
5106217
5106218
5106219
5106220
5106301
5106401
5106501
5106502
5106503
5106504
5106505
5106506
5106507
5106508
5106509
5106510
5106511
5106512
5106513
5106514
5106601
5106602
5106603
5106604
5106605
5106606
5106607
5106608
5106609
5106610
5106611
5106615
5106616
5106617
5106618
5106619
5106620
5106621
5106622
5106623
5106624
5106625
5106626
5106627
5106628
5106701
5106702
5106703
5106704
5106705
5106706
5106707
5106708
5106709
5106710
5106711
5106712
5106713
5106714
5106715
5106716
5106717
5106718
5106719
5106720
5106801
5106802
5106803
5106804
5106807
5106808
5106809
5106810
5106811
5106812
5106813
5106814
5106815
5106816
5106817
5106818
5106819
5106820
5106901
5107001
5107002
5107003
5107004
5107005
5107006
5107007
5107008
5107009
5107010
5107011
5107012
5107013
5107014
5107015
5107016
5107017
5107018
5107019
5107020
5107021
5107022
5107023
5107024
5107101
5107102
5107103
5107104
5107105
5107106
5107107
5107108
5107109
5107110
5107111
5107112
5107113
5107114
5107115
5107116
5107117
5107118
5107119
5107120
5107121
5107122
5107123
5107124
5107125
5107126
5107127
5107128
5107129
5107130
5107131
5107132
5107133
5107134
5107135
5107201
5107202
5107203
5107204
5107205
5107206
5107207
5107208
5107209
5107210
5107211
5107212
5107213
5107214
5107215
5107216
5107217
5107218
5107219
5107220
5107221
5107222
5107223
5107224
5107225
5107226
5107227
5107228
5107229
5107230
5107231
5107232
5107233
5107234
5107301
5107302
5107303
5107304
5107305
5107306
5107307
5107308
5107309
5107310
5107311
5107312
5107313
5107314
5107315
5107316
5107317
5107318
5107319
5107320
5107321
5107322
5107323
5107324
5107325
5107326
5107327
5107328
5107329
5107330
5107331
5107332
5107333
5107334
5107335
5107401
5107402
5107403
5107404
5107405
5107406
5107407
5107408
5107409
5107410
5107411
5107412
5107413
5107414
5107415
5107416
5107417
5107418
5107419
5107420
5107421
5107501
5107502
5107503
5107504
5107505
5107506
5107507
5107508
5107509
5107510
5107511
5107512
5107513
5107514
5107515
5107516
5107517
5107518
5107519
5107520
5107521
5107522
5107523
5107601
5107602
5107603
5107604
5107606
5107607
5107608
5107609
5107611
5107612
5107613
5107614
5107615
5107616
5107617
5107701
5107702
5107703
5107704
5107705
5107706
5107707
5107708
5107709
5107710
5107711
5107712
5107713
5107714
5107715
5107716
5107717
5107718
5107719
5107720
5107721
5107722
5107723
5107724
5107725
5107726
5107727
5107728
5107729
5107730
5107731
5107732
5107733
5107734
5107735
5107736
5107801
5107802
5107803
5107804
5107805
5107806
5107807
5107808
5107809
5107810
5107811
5107812
5107813
5107814
5107815
5107816
5107817
5107818
5107819
5107820
5107821
5107822
5107823
5107824
5107825
5107826
5107827
5107828
5107829
5107830
5107831
5107832
5107833
5107834
5107835
5107901
5107902
5107903
5107904
5107905
5107906
5107907
5107908
5107909
5107910
5107911
5107912
5107913
5107914
5107915
5107916
5107917
5107918
5107919
5107920
5107921
5107922
5107923
5107924
5107925
5107926
5107927
5108001
5108002
5108003
5108004
5108005
5108006
5108007
5108008
5108009
5108010
5108011
5108012
5108013
5108014
5108015
5108016
5108017
5108018
5108019
5108020
5108021
5108022
5108023
5108101
5108102
5108103
5108104
5108105
5108106
5108107
5108108
5108109
5108110
5108111
5108112
5108113
5108114
5108115
5108116
5108117
5108118
5108119
5108120
5108121
5108122
5108123
5108124
5108201
5108202
5108203
5108204
5108205
5108206
5108207
5108208
5108209
5108210
5108211
5108212
5108213
5108214
5108215
5108216
5108217
5108218
5108219
5108220
5108221
5108222
5108223
5108224
5108225
5108301
5108302
5108303
5108304
5108305
5108306
5108307
5108308
5108309
5108310
5108311
5108312
5108313
5108314
5108315
5108316
5108317
5108318
5108319
5108320
5108321
5108322
5108323
5108324
5108325
5108326
5108327
5108328
5108329
5108330
5108331
5108401
5108402
5108403
5108404
5108405
5108406
5108407
5108408
5108409
5108410
5108411
5108412
5108413
5108414
5108415
5108416
5108417
5108418
5108419
5108420
5108421
5108422
5108423
5108424
5108425
5108426
5108427
5108428
5108429
5108430
5108431
5108432
5108433
5108434
5108435
5108436
5108437
5108501
5108502
5108503
5108504
5108505
5108506
5108507
5108508
5108509
5108510
5108511
5108512
5108513
5108514
5108515
5108516
5108517
5108518
5108519
5108520
5108521
5108522
5108523
5108524
5108525
5108526
5108527
5108528
5108529
5108530
5108531
5108532
5108533
5108534
5108535
5108536
5108537
5108538
5108539
5108540
5108541
5108542
5108543
5108544
5108601
5108602
5108603
5108604
5108605
5108606
5108607
5108608
5108609
5108610
5108611
5108612
5108613
5108614
5108615
5108616
5108617
5108618
5108619
5108620
5108621
5108622
5108623
5108624
5108625
5108626
5108627
5108628
5108629
5108630
5108631
5108632
5108633
5108634
5108635
5108636
5108637
5108638
5108639
5108640
5108641
5108642
5108643
5108644
5108645
5108646
5108647
5108648
5108649
5108650
5108651
5108652
5108653
5108654
5108655
5108656
5108657
5108658
5108659
5108701
5108801
5108802
5108803
5108804
5108805
5108806
5108807
5108808
5108809
5108810
5108811
5108812
5108813
5108814
5108815
5108816
5108817
5108818
5108819
5108820
5108821
5108822
5108823
5108824
5108825
5108826
5108827
5108828
5108829
5108830
5108831
5108832
5108833
5108834
5108835
5108901
5108902
5108903
5108904
5108905
5108906
5108907
5108908
5108909
5108910
5108911
5108912
5108913
5108914
5108915
5108916
5108917
5108918
5108919
5108920
5108921
5108922
5108923
5108924
5108925
5108926
5108927
5108928
5108929
5108930
5108931
5108932
5108933
5108934
5108935
5108936
5108937
5108938
5108939
5108940
5108941
5108942
5108943
5108944
5108945
5108946
5108947
5108948
5108949
5108950
5109002
5109003
5109004
5109005
5109006
5109007
5109008
5109009
5109010
5109011
5109012
5109013
5109014
5109016
5109017
5109019
5109020
5109021
5109022
5109023
5109024
5109025
5109027
5109028
5109029
5109030
5109031
5109032
5109033
5109034
5109035
5109036
5109101
5109201
5109202
5109203
5109204
5109205
5109206
5109207
5109208
5109209
5109210
5109211
5109212
5109213
5109214
5109215
5109216
5109217
5109218
5109219
5109220
5109221
5109222
5109223
5109224
5109225
5109226
5109227
5109228
5109229
5109230
5109231
5109232
5109301
5109302
5109303
5109304
5109305
5109306
5109307
5109308
5109309
5109310
5109311
5109312
5109313
5109314
5109315
5109316
5109317
5109318
5109319
5109320
5109321
5109322
5109323
5109324
5109325
5109326
5109327
5109328
5109329
5109330
5109401
5109402
5109403
5109404
5109405
5109406
5109407
5109408
5109409
5109410
5109411
5109412
5109413
5109414
5109415
5109416
5109417
5109418
5109419
5109501
5109502
5109503
5109504
5109505
5109506
5109507
5109508
5109509
5109510
5109511
5109512
5109513
5109514
5109515
5109516
5109517
5109518
5109519
5109520
5109521
5109522
5109523
5109524
5109525
5109526
5109527
5109528
5109601
5109602
5109603
5109604
5109605
5109606
5109607
5109608
5109609
5109610
5109611
5109612
5109613
5109614
5109615
5109616
5109617
5109618
5109619
5109620
5109621
5109622
5109623
5109624
5109625
5109626
5109627
5109628
5109629
5109630
5109631
5109701
5109702
5109703
5109704
5109705
5109706
5109707
5109708
5109709
5109710
5109711
5109712
5109713
5109714
5109715
5109716
5109717
5109718
5109719
5109720
5109721
5109722
5109723
5109724
5109725
5109726
5109727
5109728
5109729
5109730
5109731
5109732
5109733
5109734
5109801
5109802
5109803
5109804
5109805
5109806
5109807
5109808
5109809
5109810
5109811
5109812
5109813
5109814
5109815
5109816
5109817
5109818
5109819
5109820
5109821
5109822
5109823
5109824
5109825
5109826
5109827
5109828
5109829
5109901
5109902
5109903
5109904
5109905
5109906
5109907
5109908
5109910
5109911
5109913
5109914
5109915
5109916
5109917
5109918
5109919
5109920
5109921
5109922
5109923
5109925
5109927
5109929
5109930
5109931
5109932
5109933
5109934
5109936
5109937
5109938
5109939
5109940
5109941
5109942
5109943
5109944
5109945
5109946
5109947
5109948
5109949
5109950
5109951
5109952
5109953
5110001
5110002
5110003
5110005
5110006
5110008
5110009
5110010
5110011
5110012
5110013
5110014
5110015
5110016
5110017
5110018
5110019
5110020
5110022
5110023
5110024
5110025
5110026
5110027
5110028
5110029
5110101
5110102
5110103
5110104
5110105
5110108
5110109
5110110
5110111
5110115
5110116
5110117
5110118
5110119
5110120
5110121
5110122
5110123
5110124
5110125
5110126
5110127
5110128
5110129
5110130
5110131
5110132
5110133
5110134
5110135
5110136
5110201
5110202
5110203
5110204
5110205
5110206
5110207
5110208
5110209
5110210
5110211
5110212
5110213
5110214
5110215
5110216
5110217
5110218
5110219
5110220
5110221
5110222
5110303
5110304
5110305
5110306
5110307
5110308
5110309
5110310
5110311
5110312
5110313
5110314
5110315
5110316
5110317
5110318
5110319
5110320
5110321
5110322
5110323
5110324
5110326
5110328
5110329
5110334
5110335
5110336
5110337
5110338
5110339
5110340
5110341
5110342
5110343
5110344
5110345
5110346
5110347
5110348
5110349
5110350
5110351
5110352
5110353
5110354
5110355
5110356
5110357
5110358
5110359
5110360
5110361
5110362
5110363
5110364
5110365
5110366
5110401
5110402
5110403
5110404
5110405
5110406
5110407
5110408
5110409
5110410
5110411
5110412
5110413
5110414
5110415
5110416
5110417
5110418
5110419
5110420
5110421
5110422
5110423
5110424
5110425
5110426
5110501
5110502
5110503
5110504
5110505
5110506
5110507
5110508
5110509
5110510
5110512
5110513
5110514
5110515
5110517
5110518
5110519
5110520
5110522
5110523
5110524
5110526
5110528
5110530
5110531
5110532
5110533
5110534
5110536
5110537
5110538
5110539
5110540
5110541
5110542
5110543
5110544
5110545
5110546
5110547
5110548
5110549
5110550
5110551
5110552
5110553
5110601
5110701
5110703
5110704
5110705
5110706
5110707
5110708
5110709
5110710
5110711
5110712
5110713
5110714
5110719
5110720
5110721
5110722
5110723
5110724
5110726
5110727
5110728
5110729
5110730
5110731
5110732
5110733
5110734
5110735
5110736
5110737
5110801
5110802
5110803
5110806
5110807
5110808
5110810
5110811
5110812
5110813
5110814
5110816
5110817
5110818
5110819
5110820
5110821
5110822
5110823
5110824
5110825
5110826
5110828
5110829
5110830
5110831
5110832
5110833
5110834
5110835
5110837
5110838
5110839
5110840
5110841
5110842
5110843
5110844
5110845
5110846
5110847
5110848
5110849
5110850
5110851
5110852
5110853
5110854
5110855
5110856
5110857
5110858
5110859
5110860
5110861
5110862
5110863
5111001
5111002
5111003
5111004
5111006
5111007
5111009
5111010
5111011
5111013
5111015
5111016
5111018
5111019
5111020
5111021
5111022
5111023
5111024
5111025
5111026
5111027
5111028
5111029
5111030
5111031
5111032
5111033
5111034
5111035
5111036
5111037
5111038
5111039
5111040
5111041
5111042
5111043
5111044
5111045
5111046
5111047
5111101
5111201
5111202
5111203
5111204
5111205
5111206
5111207
5111208
5111209
5111210
5111211
5111212
5111213
5111215
5111216
5111217
5111301
5111302
5111303
5111311
5111312
5111313
5111314
5111315
5111316
5111317
5111318
5111319
5111320
5111321
5111322
5111323
5111324
5111325
5111326
5111327
5111328
5111329
5111330
5111331
5111332
5111333
5111334
5111335
5111336
5111337
5111401
5111402
5111403
5111404
5111405
5111406
5111407
5111408
5111409
5111410
5111411
5111412
5111413
5111414
5111415
5111416
5111417
5111418
5111419
5111420
5111421
5111422
5111423
5111424
5111425
5111426
5111501
5111503
5111504
5111506
5111507
5111508
5111509
5111510
5111511
5111512
5111513
5111514
5111515
5111516
5111517
5111518
5111519
5111520
5111521
5111601
5111602
5111603
5111604
5111605
5111606
5111607
5111608
5111609
5111610
5111611
5111612
5111613
5111614
5111615
5111616
5111617
5111618
5111701
5111703
5111704
5111706
5111708
5111709
5111710
5111711
5111712
5111713
5111714
5111715
5111716
5111717
5111718
5111719
5111720
5111721
5111722
5111723
5111724
5111725
5111726
5111801
5111802
5111803
5111804
5111805
5111806
5111807
5111808
5111809
5111810
5111811
5111812
5111813
5111814
5111815
5111816
5111817
5111818
5111819
5111820
5111821
5111822
5111823
5111824
5111825
5111901
5111902
5111903
5111904
5111905
5111906
5111907
5111908
5111909
5111910
5111911
5111912
5111913
5111914
5111915
5111916
5111917
5111918
5111919
5111920
5111921
5111922
5111923
5111924
5111925
5111926
5111927
5111928
5111929
5111930
5111931
5111932
5111933
5111934
5111935
5111936
5111937
5111938
5111939
5111940
5112001
5112102
5112201
5112202
5112203
5112204
5112205
5112207
5112209
5112210
5112211
5112212
5112214
5112215
5112216
5112217
5112218
5112219
5112220
5112222
5112223
5112224
5112225
5112226
5112227
5112228
5112229
5112230
5112231
5112232
5112233
5112234
5112235
5112236
5112237
5112238
5112241
5112242
5112243
5112244
5112245
5112246
5112247
5112248
5112249
5112250
5112251
5112252
5112253
5112254
5112255
5112256
5112257
5112258
5112259
5112260
5112261
5112301
5112302
5112303
5112304
5112305
5112306
5112307
5112308
5112309
5112311
5112312
5112313
5112314
5112315
5112316
5112317
5112318
5112319
5112320
5112321
5112322
5112323
5112324
5112325
5112326
5112327
5112328
5112329
5112330
5112331
5112332
5112333
5112334
5112335
5112336
5112337
5112401
5112402
5112403
5112404
5112405
5112406
5112407
5112408
5112410
5112411
5112412
5112413
5112414
5112415
5112416
5112417
5112418
5112419
5112421
5112422
5112423
5112424
5112426
5112427
5112429
5112430
5112431
5112432
5112433
5112434
5112435
5112436
5112437
5112438
5112439
5112440
5112441
5112442
5112443
5112444
5112445
5112446
5112447
5112501
5112502
5112504
5112505
5112506
5112507
5112509
5112510
5112511
5112512
5112513
5112514
5112515
5112516
5112517
5112518
5112519
5112520
5112521
5112522
5112524
5112525
5112526
5112527
5112528
5112529
5112601
5112701
5112702
5112704
5112706
5112707
5112708
5112714
5112715
5112716
5112718
5112719
5112720
5112721
5112722
5112723
5112724
5112725
5112726
5112727
5112728
5112729
5112730
5112731
5112732
5112733
5112734
5112735
5112736
5112737
5112738
5112739
5112740
5112741
5112742
5112801
5112802
5112803
5112804
5112805
5112806
5112807
5112808
5112809
5112810
5112811
5112812
5112813
5112814
5112815
5112816
5112818
5112819
5112820
5112821
5112822
5112823
5112824
5112825
5112826
5112827
5112828
5112829
5112830
5112831
5112832
5112833
5112834
5112835
5112836
5112837
5112901
5112902
5112903
5112904
5112905
5112906
5112907
5112908
5112909
5112910
5112911
5112912
5112913
5112914
5112915
5112916
5112917
5112918
5112919
5112920
5112921
5112922
5112923
5112924
5112925
5112926
5112927
5112928
5112929
5112930
5112931
5112932
5112933
5113001
5113101
5113102
5113103
5113104
5113105
5113106
5113107
5113108
5113109
5113110
5113111
5113112
5113113
5113114
5113115
5113116
5113117
5113118
5113119
5113120
5113121
5113122
5113123
5113124
5113125
5113126
5113127
5113128
5113129
5113130
5113131
5113132
5113133
5113134
5113135
5113136
5113137
5113138
5113139
5113201
5113202
5113203
5113204
5113205
5113206
5113207
5113208
5113209
5113210
5113211
5113212
5113213
5113214
5113215
5113216
5113217
5113218
5113219
5113220
5113221
5113222
5113223
5113224
5113225
5113226
5113227
5113228
5113229
5113231
5113232
5113234
5113235
5113236
5113237
5113238
5113239
5113240
5113241
5113242
5113243
5113244
5113245
5113246
5113247
5113301
5113303
5113305
5113306
5113307
5113309
5113310
5113311
5113312
5113313
5113316
5113317
5113322
5113323
5113324
5113325
5113326
5113327
5113328
5113329
5113331
5113332
5113334
5113335
5113336
5113337
5113338
5113339
5113340
5113341
5113342
5113343
5113344
5113345
5113346
5113347
5113348
5113349
5113350
5113351
5113352
5113353
5113354
5113355
5113356
5113357
5113358
5113359
5113360
5113361
5113401
5113402
5113403
5113404
5113405
5113406
5113407
5113408
5113409
5113410
5113411
5113412
5113413
5113415
5113417
5113418
5113419
5113420
5113421
5113422
5113423
5113424
5113425
5113426
5113427
5113428
5113429
5113430
5113431
5113432
5113434
5113435
5113436
5113437
5113438
5113439
5113440
5113442
5113443
5113444
5113445
5113446
5113447
5113448
5113449
5113450
5113451
5113452
5113453
5113454
5113501
5113502
5113503
5113504
5113505
5113507
5113508
5113509
5113510
5113511
5113512
5113513
5113514
5113515
5113517
5113518
5113519
5113520
5113521
5113523
5113524
5113525
5113527
5113528
5113529
5113530
5113531
5113532
5113533
5113534
5113535
5113536
5113537
5113538
5113601
5113602
5113603
5113604
5113605
5113606
5113607
5113608
5113609
5113610
5113611
5113612
5113613
5113614
5113615
5113616
5113617
5113618
5113619
5113620
5113621
5113622
5113623
5113624
5113625
5113626
5113627
5113628
5113629
5113701
5113702
5113703
5113704
5113705
5113706
5113707
5113708
5113709
5113710
5113711
5113712
5113713
5113714
5113715
5113716
5113717
5113718
5113719
5113720
5113721
5113722
5113723
5113724
5113725
5113726
5113727
5113728
5113729
5113730
5113731
5113732
5113733
5113734
5113735
5113736
5113737
5113738
5113739
5113740
5113741
5113742
5113743
5113744
5113745
5113746
5113747
5113748
5113749
5113750
5113751
5113752
5113753
5113754
5113755
5113756
5113757
5113758
5113759
5113801
5113803
5113804
5113806
5113807
5113808
5113809
5113810
5113811
5113812
5113813
5113814
5113815
5113816
5113817
5113818
5113819
5113820
5113821
5113822
5113823
5113824
5113825
5113826
5113827
5113828
5113831
5113832
5113833
5113834
5113835
5113836
5113837
5113838
5113839
5113840
5113841
5113842
5113843
5113844
5113845
5113846
5113847
5113848
5113901
5113902
5113903
5113904
5113907
5113908
5113909
5113910
5113911
5113913
5113914
5113915
5113916
5113917
5113918
5113919
5113920
5113921
5113922
5113923
5113924
5113925
5113926
5113927
5113928
5113929
5113930
5113931
5114001
5114002
5114003
5114004
5114005
5114006
5114007
5114008
5114009
5114010
5114011
5114012
5114013
5114014
5114015
5114016
5114017
5114018
5114019
5114020
5114021
5114022
5114023
5114024
5114025
5114026
5114027
5114028
5114029
5114030
5114031
5114032
5114033
5114034
5114035
5114101
5114102
5114103
5114104
5114105
5114106
5114107
5114108
5114109
5114110
5114111
5114112
5114113
5114114
5114115
5114116
5114117
5114118
5114119
5114120
5114121
5114122
5114123
5114124
5114125
5114126
5114127
5114128
5114129
5114130
5114131
5114132
5114133
5114201
5114205
5114206
5114207
5114208
5114210
5114211
5114212
5114213
5114214
5114215
5114216
5114217
5114218
5114219
5114220
5114221
5114222
5114223
5114224
5114225
5114226
5114227
5114228
5114229
5114230
5114231
5114232
5114233
5114234
5114235
5114301
5114302
5114303
5114304
5114305
5114306
5114307
5114308
5114309
5114310
5114311
5114312
5114313
5114314
5114315
5114401
5114402
5114403
5114404
5114405
5114406
5114407
5114408
5114409
5114410
5114411
5114412
5114413
5114501
5114502
5114503
5114504
5114505
5114506
5114507
5114508
5114509
5114510
5114511
5114512
5114513
5114514
5114515
5114516
5114517
5114518
5114519
5114520
5114521
5114522
5114523
5114524
5114525
5114526
5114527
5114528
5114529
5114530
5114531
5114601
5114602
5114603
5114604
5114605
5114606
5114607
5114608
5114609
5114610
5114611
5114612
5114613
5114614
5114615
5114616
5114617
5114618
5114619
5114620
5114621
5114622
5114623
5114624
5114625
5114626
5114627
5114628
5114629
5114630
5114701
5114702
5114703
5114704
5114705
5114706
5114707
5114708
5114709
5114710
5114711
5114712
5114713
5114714
5114715
5114716
5114717
5114718
5114719
5114720
5114721
5114722
5114723
5114724
5114725
5114726
5114727
5114728
5114729
5114730
5114731
5114732
5114733
5114734
5114735
5114736
5114737
5114738
5114739
5114740
5114741
5114742
5114743
5114803
5114806
5114807
5114808
5114809
5114810
5114811
5114812
5114813
5114814
5114815
5114816
5114817
5114818
5114819
5114820
5114821
5114822
5114823
5114824
5114825
5114826
5114827
5114828
5114829
5114830
5114831
5114832
5114833
5114834
5114835
5114836
5114837
5115001
5115101
5115202
5115203
5115204
5115205
5115206
5115207
5115208
5115209
5115210
5115211
5115212
5115213
5115214
5115215
5115216
5115217
5115218
5115301
5115302
5115303
5115304
5115305
5115306
5115307
5115308
5115309
5115310
5115311
5115312
5115313
5115314
5115315
5115316
5115317
5115318
5115319
5115320
5115401
5115402
5115403
5115404
5115405
5115406
5115407
5115408
5115409
5115410
5115411
5115412
5115413
5115414
5115415
5115416
5115417
5115418
5115419
5115420
5115421
5115501
5115801
5115802
5115803
5115901
5115902
5115903
5115904
5115905
5115906
5115907
5115908
5115909
5115910
5115911
5115912
5115913
5115914
5115915
5115916
5115917
5115918
5115919
5115920
5115921
5115922
5115923
5115924
5115925
5116001
5116002
5116003
5116004
5116005
5116006
5116007
5116008
5116009
5116010
5116011
5116012
5116013
5116014
5116015
5116016
5116017
5116018
5116019
5116020
5116021
5116022
5116023
5116101
5116102
5116103
5116105
5116106
5116107
5116108
5116110
5116112
5116114
5116115
5116116
5116117
5116118
5116119
5116120
5116121
5116122
5116123
5116124
5116125
5116126
5116127
5116128
5116129
5116130
5116131
5116132
5116133
5116301
5116302
5116303
5116304
5116305
5116306
5116307
5116308
5116309
5116310
5116311
5116312
5116313
5116314
5116315
5116316
5116317
5116318
5116401
5116402
5116403
5116404
5116405
5116406
5116407
5116408
5116409
5116410
5116411
5116412
5116413
5116414
5116415
5116416
5116417
5116501
5116502
5116503
5116504
5116505
5116506
5116507
5116508
5116509
5116510
5116511
5116512
5116513
5116514
5116515
5116516
5116517
5116518
5116519
5116520
5116521
5116522
5116523
5116524
5116525
5116526
5116527
5116528
5116529
5116530
5116531
5116532
5116601
5116602
5116603
5116604
5116605
5116606
5116607
5116608
5116609
5116610
5116611
5116612
5116613
5116614
5116615
5116616
5116617
5116618
5116619
5116620
5116621
5116622
5116623
5116624
5116625
5116626
5116627
5116628
5116629
5116630
5116631
5116632
5116633
5116634
5116635
5116636
5116701
5116702
5116902
5116903
5116904
5116905
5116906
5116907
5116908
5116910
5116912
5116913
5116914
5116916
5116917
5116918
5116919
5116920
5116921
5116922
5116923
5116924
5116925
5116926
5116927
5117001
5117002
5117003
5117004
5117005
5117006
5117007
5117008
5117009
5117010
5117011
5117012
5117013
5117014
5117016
5117017
5117018
5117019
5117201
5117202
5117301
5117401
5117402
5117404
5117405
5117406
5117407
5117408
5117409
5117410
5117411
5117412
5117413
5117414
5117415
5117416
5117417
5117418
5117419
5117420
5117421
5117422
5117423
5117424
5117425
5117426
5117427
5117428
5117429
5117501
5117502
5117503
5117504
5117505
5117506
5117507
5117508
5117509
5117510
5117511
5117512
5117513
5117514
5117515
5117516
5117517
5117518
5117519
5117520
5117521
5117522
5117523
5117524
5117601
5117602
5117603
5117604
5117605
5117606
5117607
5117608
5117609
5117701
5117702
5117703
5117704
5117705
5117706
5117707
5117708
5117709
5117710
5117711
5117712
5117713
5117714
5117715
5117716
5117717
5117718
5117719
5117720
5117721
5117722
5117723
5117724
5117725
5117726
5117727
5117728
5117729
5117730
5117801
5117802
5117803
5117804
5117805
5117806
5117807
5117808
5117809
5117810
5117811
5117812
5117813
5117814
5117815
5117816
5117817
5117818
5117819
5117820
5117821
5117822
5117823
5117824
5117825
5117826
5117827
5117828
5117829
5117830
5117831
5117901
5117902
5117903
5117904
5117905
5117906
5117907
5117908
5117909
5117910
5117911
5117912
5117913
5117914
5117915
5117916
5117917
5118001
5118002
5118003
5118004
5118005
5118006
5118007
5118008
5118009
5118010
5118011
5118012
5118013
5118014
5118015
5118016
5118017
5118018
5118019
5118020
5118021
5118022
5118023
5118024
5118025
5118026
5118027
5118028
5118029
5118030
5118031
5118032
5118101
5118102
5118103
5118104
5118105
5118106
5118107
5118108
5118109
5118110
5118111
5118112
5118113
5118114
5118115
5118116
5118117
5118118
5118119
5118120
5118121
5118122
5118123
5118124
5118125
5118126
5118127
5118128
5118129
5118130
5118131
5118132
5118201
5118202
5118203
5118204
5118205
5118206
5118207
5118208
5118209
5118210
5118211
5118212
5118213
5118214
5118215
5118216
5118217
5118218
5118219
5118220
5118221
5118222
5118223
5118224
5118225
5118226
5118227
5118228
5118301
5118302
5118303
5118304
5118305
5118306
5118307
5118308
5118309
5118310
5118401
5118402
5118403
5118404
5118405
5118406
5118407
5118408
5118409
5118410
5118411
5118412
5118413
5118414
5118415
5118416
5118417
5118418
5118501
5118506
5118507
5118508
5118509
5118510
5118511
5118512
5118513
5118516
5118517
5118518
5118519
5118520
5118521
5118525
5118526
5118527
5118528
5118529
5118530
5118531
5118532
5118533
5118534
5118535
5118536
5118537
5118538
5118539
5118540
5118541
5118542
5118543
5118544
5118545
5118546
5118547
5118548
5118549
5118550
5118551
5118552
5118553
5118554
5118555
5118556
5118557
5118558
5118559
5118560
5118561
5118562
5118601
5118602
5118603
5118604
5118605
5118606
5118607
5118608
5118609
5118610
5118611
5118612
5118613
5118614
5118615
5118616
5118617
5118618
5118619
5118620
5118621
5118701
5118702
5118703
5118704
5118705
5118706
5118707
5118708
5118709
5118710
5118711
5118713
5118714
5118715
5118716
5118717
5118718
5118719
5118720
5118722
5118723
5118724
5118725
5118726
5118727
5118728
5118729
5118730
5118731
5118732
5118734
5118735
5118736
5118737
5118738
5118739
5118740
5118801
5118802
5118803
5118804
5118805
5118806
5118807
5118808
5118809
5118810
5118811
5118812
5118813
5118814
5118815
5118816
5118817
5118818
5118819
5118820
5118821
5118822
5118823
5118824
5118825
5118826
5118827
5118828
5118829
5118830
5118831
5118832
5118833
5118834
5118835
5118902
5118903
5119001
5119002
5119003
5119004
5119005
5119006
5119007
5119008
5119009
5119010
5119011
5119012
5119013
5119014
5119015
5119016
5119017
5119018
5119019
5119020
5119021
5119022
5119023
5119024
5119025
5119027
5119028
5119029
5119030
5119102
5119103
5119104
5119105
5119106
5119107
5119108
5119109
5119114
5119115
5119117
5119118
5119119
5119120
5119122
5119123
5119124
5119125
5119126
5119128
5119129
5119130
5119131
5119132
5119133
5119134
5119135
5119136
5119137
5119138
5119139
5119140
5119141
5119142
5119143
5119144
5119145
5119146
5119147
5119201
5119202
5119203
5119204
5119205
5119206
5119207
5119208
5119209
5119211
5119212
5119213
5119214
5119215
5119216
5119217
5119218
5119219
5119220
5119221
5119222
5119223
5119224
5119225
5119226
5119227
5119228
5119229
5119230
5119301
5119302
5119303
5119304
5119305
5119306
5119307
5119308
5119309
5119310
5119311
5119312
5119313
5119314
5119315
5119316
5119317
5119318
5119319
5119320
5119321
5119322
5119323
5119324
5119325
5119326
5119327
5119328
5122816
5123202
5125501
5125502
5125503
5125504
5125505
5125506
5125507
5125508
5125509
5125510
5125511
5125601
5125602
5125603
5125701
5125702
5125703
5125704
5125705
5125706
5125707
5125801
5125802
5125803
5125804
5125805
5125806
5125807
5125808
5125809
5125810
5125811
5125812
5125813
5125814
5125815
5125816
5125817
5125818
5125901
5125902
5125903
5125904
5125905
5125906
5125907
5125908
5125909
5125910
5125911
5125912
5125913
5125914
5125915
5125916
5125917
5126001
5126002
5126003
5126004
5126005
5126006
5126007
5126008
5126009
5126101
5126102
5126103
5126104
5126105
5126106
5126107
5126108
5126109
5126901
5126902
5126903
5126904
5126905
5126906
5126907
5126908
5126909
5126910
5126911
5126912
5126913
5126914
5126915
5126916
5127709
5127714
5949999
5979991
5979992
5979993
Contents written to /Users/david/Development/wa2019/data/proposal.geojson
Done in 201.76s.
